analyzing (0) 90
400 [0.6925 0.3075 0.     0.     0.     0.     0.    ]
analyzing (1) 60
400 [0. 1. 0. 0. 0. 0. 0.]
analyzing (2) 30
400 [0.     0.0025 0.9975 0.     0.     0.     0.    ]
analyzing (3) 0
400 [0. 0. 0. 1. 0. 0. 0.]
analyzing (4) 330
400 [0.0025 0.     0.     0.     0.92   0.0775 0.    ]
analyzing (5) 300
400 [0.     0.     0.0025 0.     0.     0.9175 0.08  ]
analyzing (6) 270
400 [0.0025 0.     0.0025 0.     0.     0.04   0.955 ]
analyzing (0) 90
400 [0.6925 0.3075 0.     0.     0.     0.     0.    ]
analyzing (1) 60
400 [0.     0.9975 0.     0.     0.     0.0025 0.    ]
analyzing (2) 30
400 [0.0025 0.     0.9975 0.     0.     0.     0.    ]
analyzing (3) 0
400 [0. 0. 0. 1. 0. 0. 0.]
analyzing (4) 330
400 [0.   0.   0.   0.   0.77 0.23 0.  ]
analyzing (5) 300
400 [0.   0.   0.   0.   0.   0.92 0.08]
analyzing (6) 270
400 [0. 0. 0. 0. 0. 0. 1.]
analyzing (0) 90
400 [0.6125 0.3875 0.     0.     0.     0.     0.    ]
analyzing (1) 60
400 [0.     0.9975 0.     0.     0.0025 0.     0.    ]
analyzing (2) 30
400 [0. 0. 1. 0. 0. 0. 0.]
analyzing (3) 0
400 [0. 0. 0. 1. 0. 0. 0.]
analyzing (4) 330
400 [0.    0.    0.    0.    0.925 0.075 0.   ]
analyzing (5) 300
400 [0.     0.     0.     0.     0.     0.9225 0.0775]
analyzing (6) 270
400 [0.     0.     0.0025 0.     0.     0.0775 0.92  ]
analyzing (0) 90
400 [0.6925 0.3075 0.     0.     0.     0.     0.    ]
analyzing (1) 60
400 [0. 1. 0. 0. 0. 0. 0.]
analyzing (2) 30
400 [0. 0. 1. 0. 0. 0. 0.]
analyzing (3) 0
400 [0.     0.     0.     0.9975 0.0025 0.     0.    ]
analyzing (4) 330
400 [0.     0.     0.     0.     0.8425 0.155  0.0025]
analyzing (5) 300
400 [0.     0.     0.     0.     0.     0.9225 0.0775]
analyzing (6) 270
400 [0.     0.     0.0025 0.     0.     0.     0.9975]
analyzing (0) 90
400 [0.5325 0.465  0.     0.     0.0025 0.     0.    ]
analyzing (1) 60
400 [0. 1. 0. 0. 0. 0. 0.]
analyzing (2) 30
400 [0. 0. 1. 0. 0. 0. 0.]
analyzing (3) 0
400 [0. 0. 0. 1. 0. 0. 0.]
analyzing (4) 330
400 [0.     0.     0.     0.     0.7725 0.2275 0.    ]
analyzing (5) 300
400 [0.     0.     0.     0.     0.     0.9175 0.0825]
analyzing (6) 270
400 [0.    0.    0.    0.    0.    0.075 0.925]
analyzing (0) 90
400 [0.77 0.23 0.   0.   0.   0.   0.  ]
analyzing (1) 60
400 [0.0025 0.9975 0.     0.     0.     0.     0.    ]
analyzing (2) 30
400 [0. 0. 1. 0. 0. 0. 0.]
analyzing (3) 0
400 [0. 0. 0. 1. 0. 0. 0.]
analyzing (4) 330
400 [0.     0.     0.     0.0025 0.9225 0.075  0.    ]
analyzing (5) 300
400 [0.    0.    0.    0.    0.    0.925 0.075]
analyzing (6) 270
400 [0. 0. 0. 0. 0. 0. 1.]
analyzing (0) 90
400 [0.6175 0.3825 0.     0.     0.     0.     0.    ]
analyzing (1) 60
400 [0. 1. 0. 0. 0. 0. 0.]
analyzing (2) 30
400 [0. 0. 1. 0. 0. 0. 0.]
analyzing (3) 0
400 [0. 0. 0. 1. 0. 0. 0.]
analyzing (4) 330
400 [0.    0.    0.    0.    0.925 0.075 0.   ]
analyzing (5) 300
400 [0.     0.     0.     0.     0.     0.9225 0.0775]
analyzing (6) 270
400 [0.     0.     0.     0.     0.     0.0025 0.9975]
analyzing (0) 90
400 [0.685  0.31   0.     0.     0.0025 0.     0.0025]
analyzing (1) 60
400 [0.0025 0.9975 0.     0.     0.     0.     0.    ]
analyzing (2) 30
400 [0. 0. 1. 0. 0. 0. 0.]
analyzing (3) 0
400 [0. 0. 0. 1. 0. 0. 0.]
analyzing (4) 330
400 [0.    0.    0.    0.    0.845 0.155 0.   ]
analyzing (5) 300
400 [0.     0.0025 0.     0.     0.     0.92   0.0775]
analyzing (6) 270
400 [0.     0.     0.     0.     0.     0.0775 0.9225]
analyzing (0) 90
400 [0.6925 0.305  0.     0.     0.     0.0025 0.    ]
analyzing (1) 60
400 [0.     0.9975 0.     0.     0.     0.0025 0.    ]
analyzing (2) 30
400 [0.     0.     0.9975 0.     0.0025 0.     0.    ]
analyzing (3) 0
400 [0. 0. 0. 1. 0. 0. 0.]
analyzing (4) 330
400 [0.     0.     0.     0.     0.8425 0.1575 0.    ]
analyzing (5) 300
400 [0.     0.     0.     0.     0.     0.9225 0.0775]
analyzing (6) 270
400 [0. 0. 0. 0. 0. 0. 1.]
analyzing (0) 90
400 [0.61 0.39 0.   0.   0.   0.   0.  ]
analyzing (1) 60
400 [0.0025 0.9925 0.     0.0025 0.0025 0.     0.    ]
analyzing (2) 30
400 [0. 0. 1. 0. 0. 0. 0.]
analyzing (3) 0
400 [0.0025 0.     0.     0.995  0.0025 0.     0.    ]
analyzing (4) 330
400 [0.     0.     0.     0.     0.915  0.0825 0.0025]
analyzing (5) 300
400 [0.0025 0.     0.     0.     0.     0.9225 0.075 ]
analyzing (6) 270
400 [0.     0.     0.     0.     0.0025 0.     0.9975]
analyzing (0) 90
400 [0.62 0.38 0.   0.   0.   0.   0.  ]
analyzing (1) 60
400 [0.     0.9975 0.0025 0.     0.     0.     0.    ]
analyzing (2) 30
400 [0. 0. 1. 0. 0. 0. 0.]
analyzing (3) 0
400 [0. 0. 0. 1. 0. 0. 0.]
analyzing (4) 330
400 [0.     0.     0.     0.     0.8475 0.1525 0.    ]
analyzing (5) 300
400 [0.     0.     0.     0.     0.     0.9225 0.0775]
analyzing (6) 270
400 [0.     0.     0.     0.     0.     0.0025 0.9975]
analyzing (0) 90
400 [0.6925 0.3075 0.     0.     0.     0.     0.    ]
analyzing (1) 60
400 [0. 1. 0. 0. 0. 0. 0.]
analyzing (2) 30
400 [0.     0.     0.9975 0.     0.     0.     0.0025]
analyzing (3) 0
400 [0. 0. 0. 1. 0. 0. 0.]
analyzing (4) 330
400 [0.     0.     0.     0.     0.9225 0.0775 0.    ]
analyzing (5) 300
400 [0.     0.     0.     0.     0.     0.9225 0.0775]
analyzing (6) 270
400 [0. 0. 0. 0. 0. 0. 1.]
analyzing (0) 90
400 [0.6925 0.3075 0.     0.     0.     0.     0.    ]
analyzing (1) 60
400 [0.     0.9975 0.     0.     0.     0.     0.0025]
analyzing (2) 30
400 [0. 0. 1. 0. 0. 0. 0.]
analyzing (3) 0
400 [0. 0. 0. 1. 0. 0. 0.]
analyzing (4) 330
400 [0.0025 0.     0.     0.     0.9225 0.075  0.    ]
analyzing (5) 300
400 [0.     0.     0.     0.     0.     0.9225 0.0775]
analyzing (6) 270
400 [0. 0. 0. 0. 0. 0. 1.]
analyzing (0) 90
400 [0.61   0.3875 0.     0.     0.     0.     0.0025]
analyzing (1) 60
400 [0. 1. 0. 0. 0. 0. 0.]
analyzing (2) 30
400 [0.0025 0.     0.995  0.0025 0.     0.     0.    ]
analyzing (3) 0
400 [0. 0. 0. 1. 0. 0. 0.]
analyzing (4) 330
400 [0.     0.     0.     0.     0.9225 0.075  0.0025]
analyzing (5) 300
400 [0.     0.     0.     0.     0.     0.9225 0.0775]
analyzing (6) 270
400 [0. 0. 0. 0. 0. 0. 1.]
analyzing (0) 90
400 [0.5475 0.4525 0.     0.     0.     0.     0.    ]
analyzing (1) 60
400 [0.0025 0.9925 0.0025 0.     0.     0.     0.0025]
analyzing (2) 30
400 [0. 0. 1. 0. 0. 0. 0.]
analyzing (3) 0
400 [0.     0.     0.     0.9975 0.0025 0.     0.    ]
analyzing (4) 330
400 [0.     0.     0.     0.     0.8475 0.1525 0.    ]
analyzing (5) 300
400 [0.     0.     0.     0.     0.     0.9225 0.0775]
analyzing (6) 270
400 [0. 0. 0. 0. 0. 0. 1.]
analyzing (0) 90
400 [0.695 0.3   0.    0.    0.    0.    0.005]
analyzing (1) 60
400 [0. 1. 0. 0. 0. 0. 0.]
analyzing (2) 30
400 [0.     0.     0.9975 0.0025 0.     0.     0.    ]
analyzing (3) 0
400 [0. 0. 0. 1. 0. 0. 0.]
analyzing (4) 330
400 [0.     0.     0.     0.     0.9025 0.0975 0.    ]
analyzing (5) 300
400 [0.     0.     0.     0.     0.     0.9225 0.0775]
analyzing (6) 270
400 [0.    0.    0.    0.    0.    0.075 0.925]
analyzing (0) 90
400 [0.6925 0.3075 0.     0.     0.     0.     0.    ]
analyzing (1) 60
400 [0. 1. 0. 0. 0. 0. 0.]
analyzing (2) 30
400 [0. 0. 1. 0. 0. 0. 0.]
analyzing (3) 0
400 [0. 0. 0. 1. 0. 0. 0.]
analyzing (4) 330
400 [0.     0.     0.     0.     0.85   0.1475 0.0025]
analyzing (5) 300
400 [0.   0.   0.   0.   0.   0.92 0.08]
analyzing (6) 270
400 [0.     0.     0.     0.0025 0.     0.     0.9975]
analyzing (0) 90
400 [0.6175 0.38   0.     0.     0.     0.0025 0.    ]
analyzing (1) 60
400 [0. 1. 0. 0. 0. 0. 0.]
analyzing (2) 30
400 [0.     0.     0.9975 0.     0.0025 0.     0.    ]
analyzing (3) 0
400 [0.0025 0.     0.     0.995  0.     0.     0.0025]
analyzing (4) 330
400 [0.0025 0.0025 0.     0.     0.8425 0.1525 0.    ]
analyzing (5) 300
400 [0.   0.   0.   0.   0.   0.92 0.08]
analyzing (6) 270
400 [0.    0.    0.    0.    0.    0.035 0.965]
analyzing (0) 90
400 [0.695 0.305 0.    0.    0.    0.    0.   ]
analyzing (1) 60
400 [0. 1. 0. 0. 0. 0. 0.]
analyzing (2) 30
400 [0. 0. 1. 0. 0. 0. 0.]
analyzing (3) 0
400 [0.     0.     0.     0.9975 0.     0.     0.0025]
analyzing (4) 330
400 [0.     0.     0.     0.     0.7675 0.2325 0.    ]
analyzing (5) 300
400 [0.     0.     0.     0.     0.0025 0.915  0.0825]
analyzing (6) 270
400 [0.     0.     0.     0.     0.     0.0025 0.9975]
